#/home/uday/miniconda3/lib/python3.13/site-packages/ipykernel_launcher.py --f=/run/user/1000/jupyter/runtime/kernel-v37586751eb24ef9377749679a300e91991debfe71.json
# GMT Fri May  8 23:33:51 2026
# 
1 2
2 3
3 4
4 5
5 6
6 7
7 8
8 9
9 10
10 11
11 12
12 13
13 14
14 15
15 16
16 17
17 18
18 19
19 20
20 21
21 22
22 23
23 24
24 25
25 26
26 27
27 28
28 29
29 30
30 31
31 32
32 33
33 34
34 35
35 36
36 37
37 38
38 39
39 40
40 41
41 42
42 43
43 44
44 45
45 46
46 47
47 48
48 49
49 50
50 51
51 52
52 53
53 54
54 55
55 56
56 57
57 58
58 59
59 60
60 61
61 62
62 63
63 64
64 65
65 66
66 67
67 68
68 69
69 70
70 71
71 72
72 73
73 74
74 75
75 76
76 77
77 78
78 79
79 80
80 81
81 82
82 83
83 84
84 85
85 86
86 87
87 88
88 89
89 90
90 91
91 92
92 93
93 94
94 95
95 96
96 97
97 98
98 99
99 100
100 101
101 102
102 103
103 104
104 105
105 106
106 107
107 108
108 109
109 110
110 111
111 112
112 113
113 114
114 115
115 116 2698
116 117 2696
117 118 2694
118 119 2693
119 120 2693
120 121 2692
121 122 2692
122 123 2691
123 124 2691
124 125 2690
125 126 2690
126 127 2689
127 128 2689
128 129 2688
129 130 2688
130 131 2688
131 132 2688
132 133 2688
133 134 2688
134 135 2688
135 136 2688
136 137 2688
137 138 2688
138 139 2688
139 140 2688
140 141 2688
141 142 2688
142 143 2688
143 144 2687
144 145 2687
145 146 2687
146 147 2687
147 148 2686
148 149 588 2686
149 150 587 2686
150 151 587 2685
151 152 586 2685
152 153 586 2684
153 154 585 2684
154 155 585 2683
155 156 584 2683
156 157 583 2682
157 158 583 2682
158 159 582 2681
159 160 581 2681
160 161 580 2680
161 162 579 2680
162 163 579 2679
163 164 578 2679
164 165 578 2678
165 166 577 2678
166 167 577 2677
167 168 576 2677
168 169 576 2677
169 170 576 2676
170 171 576 2676
171 172 2676
172 173 2676
173 174 2676
174 175 2678
175 176
176 177
177 178
178 179
179 180
180 181
181 182
182 183
183 184
184 185
185 186
186 187
187 188
188 189
189 190
190 191
191 192
192 193
193 194
194 195
195 196
196 197
197 198
198 199
199 200
200 201
201 202
202 203
203 204
204 205
205 206
206 207
207 208
208 209
209 210
210 211
211 212
212 213
213 214
214 215
215 216
216 217
217 218
218 219
219 220
220 221
221 222
222 223
223 224
224 225
225 226
226 227
227 228
228 229
229 230
230 231
231 232
232 233
233 234
234 235
235 236
236 237
237 238
238 239
239 240
240 241
241 242
242 243
243 244
244 245
245 246
246 247
247 248
248 249
249 250
250 251
251 252
252 253
253 254
254 255
255 256
256 257
257 258
258 259
259 260
260 261
261 262
262 263
263 264
264 265
265 266
266 267
267 268
268 269
269 270
270 271
271 272
272 273
273 274
274 275
275 276
276 277
277 278
278 279
279 280
280 281
281 282
282 283
283 284
284 285
285 286
286 287
287 288
288 289
289 290
290 291
291 292
292 293
293 294
294 295
295 296
296 297
297 298
298 299
299 300
300 301
301 302
302 303
303 304
304 305
305 306
306 307
307 308
308 309
309 310
310 311
311 312
312 313
313 314
314 315
315 316
316 317
317 318
318 319
319 320
320 321
321 322
322 323
323 324
324 325
325 326
326 327
327 328
328 329
329 330
330 331
331 332
332 333
333 334
334 335
335 336
336 337
337 338
338 339
339 340
340 341
341 342
342 343
343 344
344 345
345 346
346 347
347 348
348 349
349 350
350 351
351 352
352 353
353 354
354 355
355 356
356 357
357 358
358 359
359 360
360 361
361 362
362 363
363 364
364 365
365 366
366 367
367 368
368 369
369 370
370 371
371 372
372 373
373 374
374 375
375 376
376 377
377 378
378 379
379 380
380 381
381 382
382 383
383 384
384 385
385 386
386 387
387 388
388 389
389 390
390 391
391 392
392 393
393 394
394 395
395 396
396 397
397 398
398
399 400 3583
400 401 3584
401 402 3585
402 403 3586
403 404 3587
404 405 3588
405 406 3589
406 407 3590
407 408 3591
408 409 3592
409 410 3593
410 411 3594
411 412 3595
412 413 3596
413 414 3597
414 415 3598
415 416 3599
416 417 3600
417 418 3601
418 419 3602
419 420 3603
420 421 3604
421 422 3605
422 423 3606
423 424 3607
424 425 3608
425 426 3609
426 427 3610
427 428 3611
428 429 3612
429 430 3613
430 431
431 432
432 433
433 434
434 435
435 436
436 437
437 438
438 439
439 440
440 441
441 442
442 443
443 444
444 445
445 446
446 447
447 448
448 449
449 450
450 451
451 452
452 453
453 454
454 455
455 456
456 457
457 458
458 459
459 460
460 461
461 462
462 463
463 464
464 465
465 466
466 467
467 468
468 469
469 470
470 471
471 472
472 473
473 474
474 475
475 476
476 477
477 478
478 479
479 480
480 481
481 482
482 483
483 484
484 485
485 486
486 487
487 488
488 489
489 490
490 491
491 492
492 493
493 494
494 495
495 496
496 497
497 498
498 499
499 500
500 501
501 502
502 503
503 504
504 505
505 506
506 507
507 508
508 509
509 510
510 511
511 512
512 513
513 514
514 515
515 516
516 517
517 518
518 519
519 520
520 521
521 522
522 523
523 524
524 525
525 526
526 527
527 528
528 529
529 530
530 531
531 532
532 533
533 534
534 535
535 536
536 537
537 538
538 539
539 540
540 541
541 542
542 543
543 544
544 545
545 546
546 547
547 548
548 549
549 550
550 551
551 552
552 553 194
553 554 191
554 555 189
555 556 187
556 557 186
557 558 185
558 559 184
559 560 183
560 561 182
561 562 181
562 563 181
563 564 180
564 565 179
565 566 179
566 567 178
567 568 178
568 569 178
569 570
570 571
571 572
572 573
573 574 2686
574 575 2684
575 576 2683
576 577 2682
577 578 2682
578 579 2681
579 580 2681
580 581 2681
581 582 2681
582 583 2681
583 584 2681
584 585 2682
585 586 2682
586 587 2682
587 588 2683
588 589 2683
589 590 2684
590 591 2684
591 592 2685
592 593 2686
593 594 2686
594 595 2687
595 596 2688
596 597 2689
597 598 2690
598 599 2690
599 600 2691
600 601 2692
601 602 2693
602 603 2695
603 604 2696
604 605 2697
605 606 2698
606 607 2698
607 608 2699
608 609 2700
609 610 2700
610 611 2701
611 612 2702
612 613 2702
613 614 2703
614 615 2704
615 616 2704
616 617 2705
617 618 2706
618 619 2706
619 620 2707
620 621 2708
621 622 2709
622 623 2709
623 624 2710
624 625 2711
625 626 2712
626 627 2712
627 628 2713
628 629 2714
629 630 2715
630 631 2716
631 632 2717
632 633 2719
633 634 2720
634 635 2721
635 636 2722
636 637 2723
637 638 2724
638 639 2726
639 640 2727
640 641 2728
641 642 2729
642 643 2731
643 644 2732
644 645 2733
645 646 2734
646 647 2735
647 648 2737
648 649 2738
649 650 2739
650 651 2740
651 652 2742
652 653 2743
653 654 2744
654 655 2745
655 656 2746
656 657 2748
657 658 2749
658 659 2750
659 660 2751
660 661 2752
661 662 2754
662 663 2755
663 664 2756
664 665 2757
665 666 2758
666 667 2760
667 668 2761
668 669 2762
669 670 2763
670 671 2764
671 672 2765
672 673 2766
673 674 2768
674 675 2769
675 676 2770
676 677 2771
677 678 2772
678 679 2773
679 680 2774
680 681 2776
681 682
682 683
683 684
684 685
685 686
686 687
687 688
688 689
689 690
690 691
691 692
692 693
693 694
694 695
695 696
696 697
697 698
698 699
699 700
700 701
701 702
702 703
703 704
704 705
705 706
706 707
707 708
708 709
709 710
710 711
711 712
712 713
713 714
714 715
715 716
716 717
717 718
718 719
719 720
720 721
721 722
722 723
723 724
724 725
725 726
726 727
727 728
728 729
729 730
730 731
731 732
732 733
733 734
734 735
735 736
736 737
737 738
738 739
739 740
740 741
741 742
742 743
743 744
744 745
745 746
746 747
747 748
748 749
749 750
750 751
751 752
752 753
753 754
754 755
755 756
756 757
757 758
758 759
759 760
760 761
761 762
762 763
763 764
764 765
765 766
766 767
767 768
768 769
769 770
770 771
771 772
772 773
773 774
774 775
775 776
776 777
777 778
778 779
779 780
780 781
781 782
782 783
783 784
784 785
785 786
786 787
787 788
788 789
789 790
790 791
791 792
792 793
793 794
794 795
795 796
796
797 798 83
798 799 83
799 800 83
800 801 83
801 802 84
802 803 84
803 804 84
804 805 84
805 806 85
806 807 85
807 808 85
808 809 86
809 810 86
810 811 87
811 812 88
812 813 89
813 814 90
814 815 91
815 816 92
816 817 93
817 818 94
818 819 95
819 820 96
820 821 97
821 822 98
822 823 99
823 824 100
824 825 101
825 826 102
826 827 102 596
827 828 103 596
828 829 103 596
829 830 103 595
830 831 103 595
831 832 103 594
832 833 104 594
833 834 104 593 2701
834 835 104 593 2700
835 836 105 592 2699
836 837 105 592 2698
837 838 106 591 2697
838 839 106 591 2697
839 840 107 591 2697
840 841 107 591 2696
841 842 108 590 2696
842 843 110 590 2696
843 844 590 2696
844 845 590 2696
845 846 589 2695
846 847 589 2695
847 848 589 2695
848 849 589 2695
849 850 588 2695
850 851 588 2695
851 852 588 2695
852 853 588 2695
853 854 588 2695
854 855 588 2695
855 856 588 2695
856 857 588 2696
857 858 588 2696
858 859 588 2696
859 860 588 2696
860 861 588 2696
861 862 589 2696
862 863 589 2697
863 864 589 2697
864 865 589 2697
865 866 589 2697
866 867 589 2697
867 868 590 2698
868 869 590 2698
869 870 590 2144 2698
870 871 590 2144 2698
871 872 591 2144 2699
872 873 591 2144 2699
873 874 591 2144 2699
874 875 591 2144 2700
875 876 592 2144 2700
876 877 592 2145 2700
877 878 592 2145 2701
878 879 593 2145 2701
879 880 593 2145 2702
880 881 594 2146 2702
881 882 594 2146 2702
882 883 595 2147 2703
883 884 595 2147 2703
884 885 596 2148 2704
885 886 596 2149 2705
886 887 597 2149 2705
887 888 597 2150 2706
888 889 598 2151 2707
889 890 599 2152 2707
890 891 599 2153 2708
891 892 600 2154 2709
892 893 601 2155 2710
893 894 602 2156 2711
894 895 603 2157 2712
895 896 604 2158 2713
896 897 605 2160 2714
897 898 607 2161 2715
898 899 608 2162 2717
899 900 610 2163 2718
900 901 611 2165 2720
901 902 613 2166 2721
902 903 614 2167 2722
903 904 615 2168 2724
904 905 616 2169 2725
905 906 618 2170 2726
906 907 619 2171 2727
907 908 620 2172 2729
908 909 621 2173 2730
909 910 623 2175 2731
910 911 624 2176 2733
911 912 625 2177 2734
912 913 626 2178 2735
913 914 628 2179 2736
914 915 629 2180 2738
915 916 630 2181 2739
916 917 631 2182 2740
917 918 633 2183 2741
918 919 634 2184 2743
919 920 635 2185 2744
920 921 636 2186 2745
921 922 638 2188 2746
922 923 639 2189 2747
923 924 640 2190 2748
924 925 641 2190 2750
925 926 642 2191 2751
926 927 643 2192 2752
927 928 645 2193 2753
928 929 646 2194 2754
929 930 647 2195 2755
930 931 648 2196 2756
931 932 649 2197 2758
932 933 650 2198 2759
933 934 652 2199 2760
934 935 653 2200 2761
935 936 654 2201 2762
936 937 655 2202 2763
937 938 656 2202 2764
938 939 657 2203 2765
939 940 658 2204 2766
940 941 659 2205 2768
941 942 661 2206 2769
942 943 662 2207 2770
943 944 663 2208 2771
944 945 664 2210 2772
945 946 665 2211 2773
946 947 666 2212 2774
947 948 667 2213 2775
948 949 668 2214 2776
949 950 669 2215 2777
950 951 670 2216 2778
951 952 671 2217 2779
952 953 672 2218 2780
953 954
954 955
955 956
956 957
957 958
958 959
959 960
960 961
961 962
962 963
963 964
964 965
965 966
966 967
967 968
968 969
969 970
970 971
971 972
972 973
973 974
974 975
975 976
976 977
977 978
978 979
979 980
980 981
981 982
982 983
983 984
984 985
985 986
986 987
987 988
988 989
989 990
990 991
991 992
992 993
993 994
994 995
995 996
996 997
997 998
998 999
999 1000
1000 1001
1001 1002
1002 1003
1003 1004
1004 1005
1005 1006
1006 1007
1007 1008
1008 1009
1009 1010
1010 1011
1011 1012
1012 1013
1013 1014
1014 1015
1015 1016
1016 1017
1017 1018
1018 1019
1019 1020
1020 1021
1021 1022
1022 1023
1023 1024
1024 1025
1025 1026
1026 1027
1027 1028
1028 1029
1029 1030
1030 1031
1031 1032
1032 1033
1033 1034
1034 1035
1035 1036
1036 1037
1037 1038
1038 1039
1039 1040
1040 1041
1041 1042
1042 1043
1043 1044
1044 1045
1045 1046
1046 1047
1047 1048
1048 1049
1049 1050
1050 1051
1051 1052
1052 1053
1053 1054
1054 1055
1055 1056
1056 1057
1057 1058
1058 1059
1059 1060
1060 1061
1061 1062
1062 1063
1063 1064
1064 1065
1065 1066
1066 1067
1067 1068
1068 1069
1069 1070
1070 1071
1071 1072
1072 1073
1073 1074
1074 1075
1075 1076
1076 1077
1077 1078
1078 1079
1079 1080
1080 1081
1081 1082
1082 1083
1083 1084
1084 1085
1085 1086
1086 1087
1087 1088
1088 1089
1089 1090
1090 1091
1091 1092
1092 1093
1093 1094
1094 1095
1095 1096
1096 1097
1097 1098
1098 1099
1099 1100
1100 1101
1101 1102
1102 1103
1103 1104
1104 1105
1105 1106
1106 1107
1107 1108
1108 1109
1109 1110
1110 1111
1111 1112
1112 1113
1113 1114
1114 1115
1115 1116
1116 1117
1117 1118
1118 1119
1119 1120
1120 1121
1121 1122
1122 1123
1123 1124
1124 1125
1125 1126
1126 1127
1127 1128
1128 1129
1129 1130
1130 1131
1131 1132
1132 1133
1133 1134
1134 1135
1135 1136
1136 1137
1137 1138
1138 1139
1139 1140
1140 1141
1141 1142
1142 1143
1143 1144
1144 1145
1145 1146
1146 1147
1147 1148
1148 1149
1149 1150
1150 1151
1151 1152
1152 1153
1153 1154
1154 1155
1155 1156
1156 1157
1157 1158
1158 1159
1159 1160
1160 1161
1161 1162
1162 1163
1163 1164
1164 1165
1165 1166
1166 1167
1167 1168
1168 1169
1169 1170
1170 1171
1171 1172
1172 1173
1173 1174
1174 1175
1175 1176
1176 1177
1177 1178
1178 1179
1179 1180
1180 1181
1181 1182
1182 1183
1183 1184
1184 1185
1185 1186
1186 1187
1187 1188
1188 1189
1189 1190
1190 1191
1191 1192
1192 1193
1193 1194
1194
1195 1196 1759 2389
1196 1197 1759 2390
1197 1198 1759 2391
1198 1199 1759 2392
1199 1200 1759 2393
1200 1201 1759 2394
1201 1202 1759 2395
1202 1203 1759 2396
1203 1204 1759 2397
1204 1205 1759 2398
1205 1206 1759 2399
1206 1207 1758 2400
1207 1208 1758 2401
1208 1209 1758 2402
1209 1210 1758 2403
1210 1211 1758 2404
1211 1212 1758 2405
1212 1213 1758 2406
1213 1214 1757 2407
1214 1215 1757 2408
1215 1216 1757 2409
1216 1217 1757 2410
1217 1218 1757 2411
1218 1219 1756 2412
1219 1220 1756 2413
1220 1221 1756 2414
1221 1222 1755 2415
1222 1223 1755 2416
1223 1224 1754 2417
1224 1225 1753 2418
1225 1226 1753 2419
1226 1227 1752 2420
1227 1228 1752 2421
1228 1229 1751 2422
1229 1230 1750 2427
1230 1231 1749 2435
1231 1232 1749 2443
1232 1233 1748 2461
1233 1234 1747 2474
1234 1235 1746 2499
1235 1236 1745 2507
1236 1237 1744 2515
1237 1238 1743 2519
1238 1239 1743 2522
1239 1240 1743 2523
1240 1241 1743 2524
1241 1242 1743 2525
1242 1243 1743 2525
1243 1244 1743 2525
1244 1245 1743 2525
1245 1246 1743 2525
1246 1247 1743 2525
1247 1248 1743 2525
1248 1249 1743 2525
1249 1250 1743 2525
1250 1251 1743 2525
1251 1252 1743 2525
1252 1253 1743 2525
1253 1254 1743 2525
1254 1255 1743 2525
1255 1256 1743 2525
1256 1257 1743 2525
1257 1258 1743 2525
1258 1259 1743 2525
1259 1260 1743 2525
1260 1261 1743 2525
1261 1262 1743 2525
1262 1263 1743 2525
1263 1264 1743 2525
1264 1265 1743 2525
1265 1266 1743 2525
1266 1267 1743 2525
1267 1268 1743 2525
1268 1269 1743 2525
1269 1270 1743 2525
1270 1271 1743 2525
1271 1272 1742 2525
1272 1273 1742 2525
1273 1274 1742 2526
1274 1275 1742 2526
1275 1276 1741 2526
1276 1277 1741 2526
1277 1278 1741 2526
1278 1279 1741 2526
1279 1280 1741 2526
1280 1281 1741 2526
1281 1282 1741 2527
1282 1283 1740 2527
1283 1284 1740 2527
1284 1285 1740 2527
1285 1286 1740 2527
1286 1287 1740 2527
1287 1288 1740 2527
1288 1289 1740 2527
1289 1290 1740 2527
1290 1291 1740 2527
1291 1292 1740 2527
1292 1293 1740 2527
1293 1294 1740 2527
1294 1295 1740 2527
1295 1296 1740 2527
1296 1297 1740 2527
1297 1298 1740 2527
1298 1299 1740 2527
1299 1300 1739 2528
1300 1301 1739 2528
1301 1302 1738 2528
1302 1303 1738 2529
1303 1304 1738 2529
1304 1305 1737 2530
1305 1306 1737 2531
1306 1307 1737 2532
1307 1308 1737 2547
1308 1309 1736 2549
1309 1310 1736 2550
1310 1311 1736 2551
1311 1312 1735 2552
1312 1313 1735 2553
1313 1314 1735 2553
1314 1315 1735 2553
1315 1316 1735 2553
1316 1317 1735 2554
1317 1318 1735 2554
1318 1319 1735 2554
1319 1320 1735 2555
1320 1321 1735 2555
1321 1322 1734 2556
1322 1323 1734 2556
1323 1324 1734 2557
1324 1325 1734 2558
1325 1326 1734 2559
1326 1327 1734 2559
1327 1328 1734 2560
1328 1329 1734 2560
1329 1330 1734 2561
1330 1331 1734 2561
1331 1332 1734 2562
1332 1333 1734 2563
1333 1334 1733 2565
1334 1335 1733 2567
1335 1336 1733 2569
1336 1337 1734 2570
1337 1338 1735 2570
1338 1339 2570
1339 1340 2570
1340 1341 2570
1341 1342 2570
1342 1343 2570
1343 1344 2570
1344 1345 2570
1345 1346 2570
1346 1347 2570
1347 1348 2570
1348 1349 2570
1349 1350 2571
1350 1351 2571
1351 1352 2572
1352 1353 2573
1353 1354 2574
1354 1355 2590
1355 1356 2592
1356 1357 2619
1357 1358 2636
1358 1359 2639
1359 1360 2641
1360 1361 2642
1361 1362 2643
1362 1363 2643
1363 1364 2643
1364 1365 2643
1365 1366 2643
1366 1367 2643
1367 1368 2643
1368 1369 2643
1369 1370 2643
1370 1371 2644
1371 1372 2644
1372 1373 2645
1373 1374 2645
1374 1375 2646
1375 1376 2646
1376 1377 2647
1377 1378 2647
1378 1379 2647
1379 1380 2648
1380 1381 2648
1381 1382 2648
1382 1383 2648
1383 1384 2648
1384 1385 2648
1385 1386 2648
1386 1387 2648
1387 1388 2648
1388 1389 2648
1389 1390 2649
1390 1391 2649
1391 1392 2649
1392 1393 2650
1393 1394 2650
1394 1395 2650
1395 1396 2651
1396 1397 2651
1397 1398 2652
1398 1399 2652
1399 1400 2653
1400 1401 2653
1401 1402 2654
1402 1403 2654
1403 1404 2654
1404 1405 2655
1405 1406 2655
1406 1407 2655
1407 1408 2655
1408 1409 2655
1409 1410 2656
1410 1411 2656
1411 1412 2656
1412 1413 2656
1413 1414 2656
1414 1415 2657
1415 1416 2657
1416 1417 2657
1417 1418 2657
1418 1419 2658
1419 1420 2658
1420 1421 2658
1421 1422 2658
1422 1423 2658
1423 1424 2658
1424 1425 2659
1425 1426 2659
1426 1427 2659
1427 1428 2659
1428 1429 2659
1429 1430 2659
1430 1431 2659
1431 1432 2660
1432 1433 2660
1433 1434 2660
1434 1435 2660
1435 1436 2660
1436 1437 2660
1437 1438 2660
1438 1439 2661
1439 1440 2661
1440 1441 2661
1441 1442 2662
1442 1443 2663
1443 1444 2669
1444 1445
1445 1446
1446 1447
1447 1448
1448 1449
1449 1450
1450 1451
1451 1452
1452 1453
1453 1454
1454 1455
1455 1456
1456 1457
1457 1458
1458 1459
1459 1460
1460 1461
1461 1462
1462 1463
1463 1464
1464 1465
1465 1466
1466 1467
1467 1468
1468 1469
1469 1470
1470 1471
1471 1472
1472 1473
1473 1474
1474 1475
1475 1476
1476 1477
1477 1478
1478 1479
1479 1480
1480 1481
1481 1482
1482 1483
1483 1484
1484 1485
1485 1486
1486 1487
1487 1488
1488 1489
1489 1490
1490 1491
1491 1492
1492 1493
1493 1494
1494 1495
1495 1496
1496 1497
1497 1498
1498 1499
1499 1500
1500 1501
1501 1502
1502 1503
1503 1504
1504 1505
1505 1506
1506 1507
1507 1508
1508 1509
1509 1510
1510 1511
1511 1512
1512 1513
1513 1514
1514 1515
1515 1516
1516 1517
1517 1518
1518 1519
1519 1520
1520 1521
1521 1522
1522 1523
1523 1524
1524 1525
1525 1526
1526 1527
1527 1528
1528 1529
1529 1530
1530 1531
1531 1532
1532 1533
1533 1534
1534 1535
1535 1536
1536 1537
1537 1538
1538 1539
1539 1540
1540 1541
1541 1542
1542 1543
1543 1544
1544 1545
1545 1546
1546 1547
1547 1548
1548 1549
1549 1550
1550 1551
1551 1552
1552 1553
1553 1554
1554 1555
1555 1556
1556 1557
1557 1558
1558 1559
1559 1560
1560 1561
1561 1562
1562 1563
1563 1564
1564 1565
1565 1566
1566 1567
1567 1568
1568 1569
1569 1570
1570 1571
1571 1572
1572 1573
1573 1574
1574 1575
1575 1576
1576 1577
1577 1578
1578 1579
1579 1580
1580 1581
1581 1582
1582 1583
1583 1584
1584 1585
1585 1586
1586 1587
1587 1588
1588 1589
1589 1590
1590 1591
1591 1592
1592
1593 1594 1206 2401 3371
1594 1595 1206 2401 3371
1595 1596 1206 2402 3371
1596 1597 1207 2403 3371
1597 1598 1207 2406 3371
1598 1599 1208 2425 3371
1599 1600 1209 2427
1600 1601 1210 2432
1601 1602 1211 2435
1602 1603 1212 2436
1603 1604 1214 2440
1604 1605 1215 2446
1605 1606 1217 2457
1606 1607 1218 2466
1607 1608 1219 2474
1608 1609 1220 2496
1609 1610 1221 2501
1610 1611 1223 2508
1611 1612 1224 2515
1612 1613 1225 2518
1613 1614 1226 2521
1614 1615 1228 2523
1615 1616 1229 2525
1616 1617 1230 2527
1617 1618 1231 2530
1618 1619 1232 2547
1619 1620 1234 2552
1620 1621 1235 2555
1621 1622 1236 2558
1622 1623 1237 2562
1623 1624 1239 2568
1624 1625 1296 2573
1625 1626 1303 2592
1626 1627 1307 2639
1627 1628 1314 2643
1628 1629 1320 2646
1629 1630 1328 2648 3334
1630 1631 1333 2650 3331
1631 1632 1336 2652 3329
1632 1633 1352 2653 3327
1633 1634 1354 2654 3325
1634 1635 1355 2654 3323
1635 1636 1356 2655 3322
1636 1637 1356 2655 3321
1637 1638 1356 2655 3321
1638 1639 1356 2655 3321
1639 1640 1356 2655 3321
1640 1641 1356 2655 3321
1641 1642 1356 2655 3321
1642 1643 1356 2655 3321
1643 1644 1356 2655 3321
1644 1645 1356 2655 3321
1645 1646 1356 2655 3321
1646 1647 1356 2655 3321
1647 1648 1356 2655 3321
1648 1649 1356 2655 3321
1649 1650 1356 2655 3321
1650 1651 1357 2655 3321
1651 1652 1357 2655 3320
1652 1653 1357 2655 3320
1653 1654 1357 2656 3320
1654 1655 1357 2656 3319
1655 1656 1357 2656 3319
1656 1657 1358 2656 3319
1657 1658 1358 2656 3318
1658 1659 1358 2656 3318
1659 1660 1358 2657 3317
1660 1661 1359 2657 3317
1661 1662 1359 2657 3316
1662 1663 1359 2657 3316
1663 1664 1359 2657 3316
1664 1665 1359 2657 3315
1665 1666 1360 2657 3315
1666 1667 1360 2658 3315
1667 1668 1368 2658 3314
1668 1669 1368 2658 3314
1669 1670 1369 2658 3314
1670 1671 1369 2658 3314
1671 1672 1369 2658 3314
1672 1673 1370 2658 3313
1673 1674 1370 2658 3313
1674 1675 1371 2658 3313
1675 1676 1371 2659 3313
1676 1677 1371 2659 3313
1677 1678 1371 2659 3313
1678 1679 1371 2659 3313
1679 1680 1372 2659 3313
1680 1681 1372 2659 3314
1681 1682 1372 2659 3314
1682 1683 1373 2659 3314
1683 1684 1373 2659 3314
1684 1685 1373 2659 3315
1685 1686 1374 2660 3315
1686 1687 1374 2660 3316
1687 1688 1375 2660 3316
1688 1689 1375 2660 3317
1689 1690 1376 2660 3317
1690 1691 1376 2660 3318
1691 1692 1377 2661 3318
1692 1693 1377 2661 3319
1693 1694 1377 2661 3319
1694 1695 1377 2661 3319
1695 1696 1377 2661 3319
1696 1697 1377 2661 3319
1697 1698 1377 2661 3320
1698 1699 1377 2661 3320
1699 1700 1378 2661 3320
1700 1701 1378 2661 3321
1701 1702 1378 2661 3321
1702 1703 1378 2661 3321
1703 1704 1378 2661 3322
1704 1705 1378 2661 3322
1705 1706 1378 2661 3322
1706 1707 1378 2661 3322
1707 1708 1378 2661 3322
1708 1709 1378 2661 3322
1709 1710 1378 2661 3323
1710 1711 1378 2661 3323
1711 1712 1378 2661 3323
1712 1713 1378 2661 3324
1713 1714 1378 2661 3324
1714 1715 1378 2661 3325
1715 1716 1378 2662 3325
1716 1717 1378 2662 3326
1717 1718 1377 2662 3326
1718 1719 1376 2662 3327
1719 1720 1375 2661 3327
1720 1721 1374 2661 3328
1721 1722 1373 2661 3328
1722 1723 1373 2661 3329
1723 1724 1373 2662 3330
1724 1725 1373 2671 3331
1725 1726 1372 3331
1726 1727 1372 3332
1727 1728 1372 3333
1728 1729 1371 3333
1729 1730 1358 3334
1730 1731 1355 2657 3335
1731 1732 1353 2655 3335
1732 1733 1350 2654 3336
1733 1734 1335 2653 3337
1734 1735 1336 2652 3338
1735 1736 1337 2651 3338
1736 1737 1338 2649 3339
1737 1738 1444 2649 3340
1738 1739 1448 2648 3341
1739 1740 1451 3342
1740 1741 1454 3343
1741 1742 1457 3344
1742 1743 1459 3346
1743 1744 1460 3348
1744 1745 1462 3349
1745 1746 1463 3351
1746 1747 1464 3352
1747 1748 1465 3353
1748 1749 1466 3354
1749 1750 1467 3355
1750 1751 1468 3356
1751 1752 1470 3357
1752 1753 1471 3359
1753 1754 1472 3360
1754 1755 1474 3361
1755 1756 1475 3362
1756 1757 1477 3364
1757 1758 1478 3365
1758 1759 1480 3366
1759 1760 1481 3368
1760 1761 1483 3369
1761 1762 1484 3370
1762 1763 1486 3371
1763 1764 1488 3372
1764 1765 1489 3373
1765 1766 1490 3375
1766 1767 1492 3376
1767 1768 1493 3377
1768 1769 1495 3378
1769 1770 1496 3379
1770 1771 1498 3380
1771 1772 1499 3381
1772 1773 1501 3383
1773 1774 1503 3384
1774 1775 1504 3385
1775 1776 1506 3386
1776 1777 1507 3387
1777 1778 1509 3388
1778 1779 1510 3389
1779 1780 1512 3390
1780 1781 1513 3391
1781 1782 1514 3392
1782 1783 1516 3393
1783 1784 1517 3394
1784 1785 1518 3395
1785 1786 1519 3396
1786 1787 1521 3397
1787 1788 1522 3399
1788 1789 1523 3400
1789 1790 1524 3401
1790 1791 1526 3402
1791 1792 1527 3403
1792 1793 1528 3405
1793 1794 1529 3406
1794 1795 1530 3407
1795 1796 1532 3408
1796 1797 1533 3409
1797 1798 1534 3410
1798 1799 1535 3411
1799 1800 1536 3412
1800 1801 1537 3413
1801 1802 1538 3414
1802 1803 1539 3415
1803 1804 1540 3416
1804 1805 1541 3418
1805 1806 1543 3419
1806 1807 1544 3420
1807 1808
1808 1809
1809 1810
1810 1811
1811 1812
1812 1813
1813 1814
1814 1815
1815 1816
1816 1817
1817 1818
1818 1819
1819 1820
1820 1821
1821 1822
1822 1823
1823 1824
1824 1825
1825 1826
1826 1827
1827 1828
1828 1829
1829 1830
1830 1831
1831 1832
1832 1833
1833 1834
1834 1835
1835 1836
1836 1837
1837 1838
1838 1839
1839 1840
1840 1841
1841 1842
1842 1843
1843 1844
1844 1845
1845 1846
1846 1847
1847 1848
1848 1849
1849 1850
1850 1851
1851 1852
1852 1853
1853 1854
1854 1855
1855 1856
1856 1857
1857 1858
1858 1859
1859 1860
1860 1861
1861 1862
1862 1863
1863 1864
1864 1865
1865 1866
1866 1867
1867 1868
1868 1869
1869 1870
1870 1871
1871 1872
1872 1873
1873 1874
1874 1875
1875 1876
1876 1877
1877 1878
1878 1879
1879 1880
1880 1881
1881 1882
1882 1883
1883 1884
1884 1885
1885 1886
1886 1887
1887 1888
1888 1889
1889 1890
1890 1891
1891 1892
1892 1893
1893 1894
1894 1895
1895 1896
1896 1897
1897 1898
1898 1899
1899 1900
1900 1901
1901 1902
1902 1903
1903 1904
1904 1905
1905 1906
1906 1907
1907 1908
1908 1909
1909 1910
1910 1911
1911 1912
1912 1913
1913 1914
1914 1915
1915 1916
1916 1917
1917 1918
1918 1919
1919 1920
1920 1921
1921 1922
1922 1923
1923 1924
1924 1925
1925 1926
1926 1927
1927 1928
1928 1929
1929 1930
1930 1931
1931 1932
1932 1933
1933 1934
1934 1935
1935 1936
1936 1937
1937 1938
1938 1939
1939 1940
1940 1941
1941 1942
1942 1943
1943 1944
1944 1945
1945 1946
1946 1947
1947 1948
1948 1949
1949 1950
1950 1951
1951 1952
1952 1953
1953 1954
1954 1955
1955 1956
1956 1957
1957 1958
1958 1959
1959 1960
1960 1961
1961 1962
1962 1963
1963 1964
1964 1965
1965 1966
1966 1967
1967 1968
1968 1969
1969 1970
1970 1971
1971 1972
1972 1973
1973 1974
1974 1975
1975 1976
1976 1977
1977 1978
1978 1979
1979 1980
1980 1981
1981 1982
1982 1983
1983 1984
1984 1985
1985 1986
1986 1987
1987 1988
1988 1989
1989 1990
1990
1991 1992
1992 1993
1993 1994
1994 1995
1995 1996
1996 1997
1997 1998
1998 1999
1999 2000
2000 2001
2001 2002
2002 2003
2003 2004
2004 2005
2005 2006
2006 2007
2007 2008
2008 2009
2009 2010
2010 2011
2011 2012
2012 2013
2013 2014
2014 2015
2015 2016
2016 2017
2017 2018
2018 2019
2019 2020
2020 2021
2021 2022
2022 2023
2023 2024
2024 2025
2025 2026
2026 2027
2027 2028
2028 2029
2029 2030
2030 2031
2031 2032
2032 2033
2033 2034
2034 2035
2035 2036
2036 2037
2037 2038
2038 2039
2039 2040
2040 2041
2041 2042
2042 2043
2043 2044
2044 2045
2045 2046
2046 2047
2047 2048
2048 2049
2049 2050
2050 2051
2051 2052
2052 2053
2053 2054
2054 2055
2055 2056
2056 2057
2057 2058
2058 2059
2059 2060
2060 2061
2061 2062
2062 2063
2063 2064
2064 2065
2065 2066
2066 2067
2067 2068
2068 2069
2069 2070
2070 2071
2071 2072
2072 2073
2073 2074
2074 2075
2075 2076
2076 2077
2077 2078
2078 2079
2079 2080
2080 2081
2081 2082
2082 2083
2083 2084
2084 2085
2085 2086
2086 2087
2087 2088
2088 2089
2089 2090
2090 2091
2091 2092
2092 2093
2093 2094
2094 2095
2095 2096
2096 2097
2097 2098
2098 2099
2099 2100
2100 2101
2101 2102
2102 2103
2103 2104
2104 2105
2105 2106
2106 2107
2107 2108
2108 2109
2109 2110
2110 2111
2111 2112
2112 2113
2113 2114
2114 2115
2115 2116
2116 2117
2117 2118
2118 2119
2119 2120
2120 2121
2121 2122
2122 2123
2123 2124
2124 2125
2125 2126
2126 2127
2127 2128
2128 2129
2129 2130
2130 2131
2131 2132
2132 2133
2133 2134 587
2134 2135 586
2135 2136 586
2136 2137 586 2700
2137 2138 586 2698
2138 2139 587 2698
2139 2140 587 2697
2140 2141 587 2697
2141 2142 588 2698
2142 2143 589 2698
2143 2144 590 2698
2144 2145 590 2699
2145 2146 591 2700
2146 2147 592 2701
2147 2148 593 2702
2148 2149 594 2703
2149 2150 595 2703
2150 2151 596 2704
2151 2152 597 2705
2152 2153 597 2706
2153 2154 598 2707
2154 2155 599 2707
2155 2156 599 2708
2156 2157 600 2709
2157 2158 601 2710
2158 2159 602 2711
2159 2160 603 2711
2160 2161 603 2712
2161 2162 604 2713
2162 2163 605 2714
2163 2164 607 2715
2164 2165 608 2717
2165 2166 609 2718
2166 2167 611 2719
2167 2168 612 2720
2168 2169 613 2722
2169 2170 614 2723
2170 2171 616 2724
2171 2172 617 2726
2172 2173 618 2727
2173 2174 619 2728
2174 2175 621 2730
2175 2176 622 2731
2176 2177 623 2732
2177 2178 625 2734
2178 2179 626 2735
2179 2180 627 2736
2180 2181 628 2738
2181 2182 629 2739
2182 2183 631 2740
2183 2184 632 2741
2184 2185 633 2742
2185 2186 634 2743
2186 2187 635 2744
2187 2188 637 2745
2188 2189 638 2747
2189 2190 639 2748
2190 2191 640 2749
2191 2192 641 2750
2192 2193 643 2751
2193 2194 644 2752
2194 2195 645 2754
2195 2196 646 2755
2196 2197 648 2756
2197 2198 649 2757
2198 2199 650 2758
2199 2200 651 2760
2200 2201 652 2761
2201 2202 654 2762
2202 2203 655 2763
2203 2204 656 2764
2204 2205 657 2765
2205 2206 658 2766
2206 2207 658 2767
2207 2208 659 2768
2208 2209 660 2769
2209 2210 662 2770
2210 2211 663 2771
2211 2212 664 2772
2212 2213 665 2773
2213 2214 665 2774
2214 2215 666 2775
2215 2216 667 2775
2216 2217 668 2776
2217 2218 669 2777
2218 2219 670 2779
2219 2220 672 2780
2220 2221 673 2781
2221 2222
2222 2223
2223 2224
2224 2225
2225 2226
2226 2227
2227 2228
2228 2229
2229 2230
2230 2231
2231 2232
2232 2233
2233 2234
2234 2235
2235 2236
2236 2237
2237 2238
2238 2239
2239 2240
2240 2241
2241 2242
2242 2243
2243 2244
2244 2245
2245 2246
2246 2247
2247 2248
2248 2249
2249 2250
2250 2251
2251 2252
2252 2253
2253 2254
2254 2255
2255 2256
2256 2257
2257 2258
2258 2259
2259 2260
2260 2261
2261 2262
2262 2263
2263 2264
2264 2265
2265 2266
2266 2267
2267 2268
2268 2269
2269 2270
2270 2271
2271 2272
2272 2273
2273 2274
2274 2275
2275 2276
2276 2277
2277 2278
2278 2279
2279 2280
2280 2281
2281 2282
2282 2283
2283 2284
2284 2285
2285 2286
2286 2287
2287 2288
2288 2289
2289 2290
2290 2291
2291 2292
2292 2293
2293 2294
2294 2295
2295 2296
2296 2297
2297 2298
2298 2299
2299 2300
2300 2301
2301 2302
2302 2303
2303 2304
2304 2305
2305 2306
2306 2307
2307 2308
2308 2309
2309 2310
2310 2311
2311 2312
2312 2313
2313 2314
2314 2315
2315 2316
2316 2317
2317 2318
2318 2319
2319 2320
2320 2321
2321 2322
2322 2323
2323 2324
2324 2325
2325 2326
2326 2327
2327 2328
2328 2329
2329 2330
2330 2331
2331 2332
2332 2333
2333 2334
2334 2335
2335 2336
2336 2337
2337 2338
2338 2339
2339 2340
2340 2341
2341 2342
2342 2343
2343 2344
2344 2345
2345 2346
2346 2347
2347 2348
2348 2349
2349 2350
2350 2351
2351 2352
2352 2353
2353 2354
2354 2355
2355 2356
2356 2357
2357 2358
2358 2359
2359 2360
2360 2361
2361 2362
2362 2363
2363 2364
2364 2365
2365 2366
2366 2367
2367 2368
2368 2369
2369 2370
2370 2371
2371 2372
2372 2373
2373 2374
2374 2375
2375 2376
2376 2377
2377 2378
2378 2379
2379 2380
2380 2381
2381 2382
2382 2383
2383 2384
2384 2385
2385 2386
2386 2387
2387 2388
2388
2389 2390 1195
2390 2391 1196
2391 2392 1197
2392 2393 1198
2393 2394 1199
2394 2395 1200
2395 2396 1201
2396 2397 1202
2397 2398 1203
2398 2399 1204
2399 2400 1205
2400 2401 1206
2401 2402 1207
2402 2403 1208
2403 2404 1209
2404 2405 1210
2405 2406 1211
2406 2407 1212
2407 2408 1213
2408 2409 1214
2409 2410 1215
2410 2411 1216
2411 2412 1217
2412 2413 1218
2413 2414 1219
2414 2415 1220
2415 2416 1221
2416 2417 1222
2417 2418 1223
2418 2419 1224
2419 2420 1225
2420 2421 1226
2421 2422 1227
2422 2423
2423 2424
2424 2425
2425 2426
2426 2427
2427 2428
2428 2429
2429 2430
2430 2431
2431 2432
2432 2433
2433 2434
2434 2435
2435 2436
2436 2437
2437 2438
2438 2439
2439 2440
2440 2441
2441 2442
2442 2443
2443 2444
2444 2445
2445 2446
2446 2447
2447 2448
2448 2449
2449 2450
2450 2451
2451 2452
2452 2453
2453 2454
2454 2455
2455 2456
2456 2457
2457 2458
2458 2459
2459 2460
2460 2461
2461 2462
2462 2463
2463 2464
2464 2465
2465 2466
2466 2467
2467 2468
2468 2469
2469 2470
2470 2471
2471 2472
2472 2473
2473 2474
2474 2475
2475 2476
2476 2477
2477 2478
2478 2479
2479 2480
2480 2481
2481 2482
2482 2483
2483 2484
2484 2485
2485 2486
2486 2487
2487 2488
2488 2489
2489 2490
2490 2491
2491 2492
2492 2493
2493 2494
2494 2495
2495 2496
2496 2497
2497 2498
2498 2499
2499 2500
2500 2501
2501 2502
2502 2503
2503 2504
2504 2505
2505 2506
2506 2507
2507 2508
2508 2509
2509 2510
2510 2511
2511 2512
2512 2513
2513 2514
2514 2515
2515 2516
2516 2517
2517 2518
2518 2519
2519 2520
2520 2521
2521 2522
2522 2523
2523 2524
2524 2525
2525 2526
2526 2527
2527 2528
2528 2529
2529 2530
2530 2531
2531 2532
2532 2533
2533 2534
2534 2535
2535 2536
2536 2537
2537 2538
2538 2539
2539 2540
2540 2541
2541 2542
2542 2543
2543 2544
2544 2545
2545 2546
2546 2547
2547 2548
2548 2549
2549 2550
2550 2551
2551 2552
2552 2553
2553 2554
2554 2555
2555 2556
2556 2557
2557 2558
2558 2559
2559 2560
2560 2561
2561 2562
2562 2563
2563 2564
2564 2565
2565 2566
2566 2567
2567 2568
2568 2569
2569 2570
2570 2571
2571 2572
2572 2573
2573 2574
2574 2575
2575 2576
2576 2577
2577 2578
2578 2579
2579 2580
2580 2581
2581 2582
2582 2583
2583 2584
2584 2585
2585 2586
2586 2587
2587 2588
2588 2589
2589 2590
2590 2591
2591 2592
2592 2593
2593 2594
2594 2595
2595 2596
2596 2597
2597 2598
2598 2599
2599 2600
2600 2601
2601 2602
2602 2603
2603 2604
2604 2605
2605 2606
2606 2607
2607 2608
2608 2609
2609 2610
2610 2611
2611 2612
2612 2613
2613 2614
2614 2615
2615 2616
2616 2617
2617 2618
2618 2619
2619 2620
2620 2621
2621 2622
2622 2623
2623 2624
2624 2625
2625 2626
2626 2627
2627 2628
2628 2629
2629 2630
2630 2631
2631 2632
2632 2633
2633 2634
2634 2635
2635 2636
2636 2637
2637 2638
2638 2639
2639 2640
2640 2641
2641 2642
2642 2643
2643 2644
2644 2645
2645 2646
2646 2647
2647 2648
2648 2649
2649 2650
2650 2651
2651 2652
2652 2653
2653 2654
2654 2655
2655 2656
2656 2657
2657 2658
2658 2659
2659 2660
2660 2661
2661 2662
2662 2663
2663 2664
2664 2665
2665 2666
2666 2667
2667 2668
2668 2669
2669 2670
2670 2671
2671 2672
2672 2673
2673 2674
2674 2675
2675 2676
2676 2677
2677 2678
2678 2679
2679 2680
2680 2681
2681 2682
2682 2683
2683 2684
2684 2685
2685 2686
2686 2687
2687 2688
2688 2689
2689 2690
2690 2691
2691 2692
2692 2693
2693 2694
2694 2695
2695 2696
2696 2697
2697 2698
2698 2699
2699 2700
2700 2701
2701 2702
2702 2703
2703 2704
2704 2705
2705 2706
2706 2707
2707 2708
2708 2709
2709 2710
2710 2711
2711 2712
2712 2713
2713 2714
2714 2715
2715 2716
2716 2717
2717 2718
2718 2719
2719 2720
2720 2721
2721 2722
2722 2723
2723 2724
2724 2725
2725 2726
2726 2727
2727 2728
2728 2729
2729 2730
2730 2731
2731 2732
2732 2733
2733 2734
2734 2735
2735 2736
2736 2737
2737 2738
2738 2739
2739 2740
2740 2741
2741 2742
2742 2743
2743 2744
2744 2745
2745 2746
2746 2747
2747 2748
2748 2749
2749 2750
2750 2751
2751 2752
2752 2753
2753 2754
2754 2755
2755 2756
2756 2757
2757 2758
2758 2759
2759 2760
2760 2761
2761 2762
2762 2763
2763 2764
2764 2765
2765 2766
2766 2767
2767 2768
2768 2769
2769 2770
2770 2771
2771 2772
2772 2773
2773 2774
2774 2775
2775 2776
2776 2777
2777 2778
2778 2779
2779 2780
2780 2781
2781 2782
2782 2783
2783 2784
2784 2785
2785 2786
2786
2787 2788 2084
2788 2789 2084
2789 2790 2084
2790 2791 2084
2791 2792 2084
2792 2793 2084
2793 2794 2084
2794 2795 2084
2795 2796 2085
2796 2797 2085
2797 2798 2085
2798 2799 2085
2799 2800 2086
2800 2801 2086
2801 2802 2086
2802 2803 2087
2803 2804 2087
2804 2805 2088
2805 2806 2088
2806 2807 2089
2807 2808 2089
2808 2809 2090
2809 2810 2090
2810 2811 2091
2811 2812 2091
2812 2813 2092
2813 2814 2093
2814 2815 2093
2815 2816 2094
2816 2817 2095
2817 2818 2095
2818 2819 2096
2819 2820 2097
2820 2821 2098
2821 2822 2099
2822 2823 2099
2823 2824 2100
2824 2825 2101
2825 2826 2102
2826 2827 2102
2827 2828 2103
2828 2829 2104
2829 2830 2105
2830 2831 2105
2831 2832 2106
2832 2833 2106
2833 2834 2107
2834 2835 2107
2835 2836 2108
2836 2837 2108
2837 2838 2109
2838 2839 2109
2839 2840 2110
2840 2841 2111
2841 2842 2112
2842 2843 2112
2843 2844 2113
2844 2845 2113
2845 2846 2114
2846 2847 2115
2847 2848 2116
2848 2849 2117
2849 2850 2118
2850 2851
2851 2852
2852 2853
2853 2854
2854 2855
2855 2856
2856 2857 574
2857 2858 572
2858 2859 571
2859 2860 570
2860 2861 569
2861 2862 569
2862 2863 568
2863 2864 568
2864 2865 568
2865 2866 568
2866 2867 568
2867 2868 568
2868 2869 568
2869 2870 568
2870 2871 568
2871 2872 568
2872 2873 568
2873 2874 568
2874 2875 568
2875 2876 568
2876 2877 568
2877 2878 568
2878 2879 567
2879 2880 567
2880 2881 567
2881 2882 566
2882 2883 566
2883 2884 566
2884 2885 565
2885 2886 565
2886 2887 564
2887 2888 564
2888 2889 563
2889 2890 563
2890 2891 562
2891 2892 562
2892 2893 561
2893 2894 561
2894 2895 561
2895 2896 560
2896 2897 560
2897 2898 560
2898 2899 559
2899 2900 559
2900 2901 559
2901 2902 558
2902 2903 179 558
2903 2904 178 558
2904 2905 178 557
2905 2906 179 557
2906 2907 179 556
2907 2908 179 556
2908 2909 180 556
2909 2910 181 556
2910 2911 181 555
2911 2912 182 555
2912 2913 183 555
2913 2914 185 554
2914 2915 186 554
2915 2916 187 554
2916 2917 189
2917 2918 190
2918 2919 191
2919 2920 193
2920 2921 194
2921 2922 195
2922 2923 197
2923 2924 198
2924 2925 199
2925 2926 200
2926 2927 201
2927 2928 202
2928 2929 203
2929 2930 205
2930 2931 206
2931 2932 208
2932 2933 209
2933 2934 211
2934 2935 212
2935 2936 214
2936 2937 215
2937 2938 216
2938 2939 217
2939 2940 218
2940 2941 220
2941 2942 221
2942 2943 222
2943 2944 223
2944 2945 224
2945 2946 226
2946 2947 227
2947 2948 228
2948 2949 229
2949 2950 230
2950 2951 231
2951 2952 232
2952 2953 233
2953 2954 234
2954 2955 236
2955 2956 237
2956 2957 238
2957 2958 239
2958 2959 240
2959 2960 241
2960 2961 242
2961 2962 244
2962 2963 245
2963 2964 246
2964 2965 247
2965 2966 248
2966 2967 249
2967 2968 250
2968 2969 251
2969 2970 253
2970 2971 254
2971 2972 255
2972 2973 256
2973 2974 257
2974 2975 258
2975 2976 259
2976 2977 260
2977 2978 261
2978 2979 262
2979 2980 263
2980 2981 265
2981 2982 266
2982 2983 267
2983 2984 268
2984 2985 269
2985 2986 270
2986 2987 271
2987 2988 272
2988 2989 273
2989 2990 274
2990 2991 275
2991 2992 276
2992 2993 277
2993 2994 279
2994 2995 280
2995 2996 281
2996 2997 282
2997 2998 283
2998 2999 284
2999 3000 285
3000 3001 286
3001 3002 287
3002 3003 288
3003 3004 289
3004 3005 290
3005 3006 291
3006 3007 292
3007 3008 293
3008 3009 294
3009 3010 295
3010 3011 296
3011 3012 297
3012 3013 298
3013 3014 299
3014 3015 300
3015 3016
3016 3017
3017 3018
3018 3019
3019 3020
3020 3021
3021 3022
3022 3023
3023 3024
3024 3025
3025 3026
3026 3027
3027 3028
3028 3029
3029 3030
3030 3031
3031 3032
3032 3033
3033 3034
3034 3035
3035 3036
3036 3037
3037 3038
3038 3039
3039 3040
3040 3041
3041 3042
3042 3043
3043 3044
3044 3045
3045 3046
3046 3047
3047 3048
3048 3049
3049 3050
3050 3051
3051 3052
3052 3053
3053 3054
3054 3055
3055 3056
3056 3057
3057 3058
3058 3059
3059 3060
3060 3061
3061 3062
3062 3063
3063 3064
3064 3065
3065 3066
3066 3067
3067 3068
3068 3069
3069 3070
3070 3071
3071 3072
3072 3073
3073 3074
3074 3075
3075 3076
3076 3077
3077 3078
3078 3079
3079 3080
3080 3081
3081 3082
3082 3083
3083 3084
3084 3085
3085 3086
3086 3087
3087 3088
3088 3089
3089 3090
3090 3091
3091 3092
3092 3093
3093 3094
3094 3095
3095 3096
3096 3097
3097 3098
3098 3099
3099 3100
3100 3101
3101 3102
3102 3103
3103 3104
3104 3105
3105 3106
3106 3107
3107 3108
3108 3109
3109 3110
3110 3111
3111 3112
3112 3113
3113 3114
3114 3115
3115 3116
3116 3117
3117 3118
3118 3119
3119 3120
3120 3121
3121 3122
3122 3123
3123 3124
3124 3125
3125 3126
3126 3127
3127 3128
3128 3129
3129 3130
3130 3131
3131 3132
3132 3133
3133 3134
3134 3135
3135 3136
3136 3137
3137 3138
3138 3139
3139 3140
3140 3141
3141 3142
3142 3143
3143 3144
3144 3145
3145 3146
3146 3147
3147 3148
3148 3149
3149 3150
3150 3151
3151 3152
3152 3153
3153 3154
3154 3155
3155 3156
3156 3157
3157 3158
3158 3159
3159 3160
3160 3161
3161 3162
3162 3163
3163 3164
3164 3165
3165 3166
3166 3167
3167 3168
3168 3169
3169 3170
3170 3171
3171 3172
3172 3173
3173 3174
3174 3175
3175 3176
3176 3177
3177 3178
3178 3179
3179 3180
3180 3181
3181 3182
3182 3183
3183 3184
3184
3185 3186 446
3186 3187 446
3187 3188 447
3188 3189 447
3189 3190 448 3620
3190 3191 449 3620
3191 3192 450 3620
3192 3193 451 3620
3193 3194 453 3620
3194 3195 454 3621
3195 3196 455 3621
3196 3197 456 3621
3197 3198 457 3622
3198 3199 458 3622
3199 3200 459 3623
3200 3201 460 3623
3201 3202 461 3624
3202 3203 462 3625
3203 3204 463 3625
3204 3205 464 3626
3205 3206 465 3627
3206 3207 466 3628
3207 3208 467 3629
3208 3209 469 3630
3209 3210 470 3631
3210 3211 471 3632
3211 3212 472 3633
3212 3213 473 3634
3213 3214 475 3635
3214 3215 476 3636
3215 3216 478 3637
3216 3217 479 3638
3217 3218 480 3639
3218 3219 482 3640
3219 3220 483 3641
3220 3221 485 3642
3221 3222 486 3644
3222 3223 487 3645
3223 3224 489 3646
3224 3225 490 3647
3225 3226 491 3649
3226 3227 492 3650
3227 3228 494 3651
3228 3229 495 3653
3229 3230 496 3654
3230 3231 497 3656
3231 3232 499 3657
3232 3233 500 3658
3233 3234 502 3659
3234 3235 505 3660
3235 3236 508 3662
3236 3237 510 3662
3237 3238 511 3663
3238 3239 513 3664
3239 3240 514 3665
3240 3241 515 3666
3241 3242 517 3666
3242 3243 532 3667
3243 3244 535 3668
3244 3245 538 3669
3245 3246 539 3670
3246 3247 540 3671
3247 3248 542 3672
3248 3249 543 3672
3249 3250 544 3673
3250 3251 544 3673
3251 3252 545 3674
3252 3253 546 3675
3253 3254 547 3676
3254 3255 548 3682
3255 3256 549 3688
3256 3257 550 2900
3257 3258 551 2897
3258 3259 181 552 2895
3259 3260 179 553 2894
3260 3261 178 554 2893
3261 3262 177 555 2892
3262 3263 175 557 2892
3263 3264 174 558 2891
3264 3265 173 559 2891
3265 3266 172 560 2892
3266 3267 171 561 2892
3267 3268 170 562 2892
3268 3269 169 563 2893
3269 3270 168 564 2679
3270 3271 167 565 2677
3271 3272 167 567 2676
3272 3273 166 568 2675
3273 3274 166 569 2674
3274 3275 165 569 2674
3275 3276 165 570 2673
3276 3277 165 570 2673
3277 3278 165 570 2673
3278 3279 165 570 2673
3279 3280 165 570 2673
3280 3281 165 570 2673
3281 3282 165 570 2673
3282 3283 165 570 2673
3283 3284 165 570 2673
3284 3285 165 570 2673
3285 3286 165 570 2673
3286 3287 165 570 2673
3287 3288 165 570 2673
3288 3289 165 570 2673
3289 3290 165 570 2673
3290 3291 165 570 2673
3291 3292 165 570 2673
3292 3293 165 570 2673
3293 3294 165 570 2673
3294 3295 165 570 2673
3295 3296 165 570 2673
3296 3297 165 570 2673
3297 3298 165 571 2673
3298 3299 165 571 2673
3299 3300 165 571 2673
3300 3301 165 572 2672
3301 3302 165 573 2672
3302 3303 165 574 2672
3303 3304 165 574 2672
3304 3305 165 575 2671
3305 3306 165 575 2671
3306 3307 165 2671
3307 3308 165 2671
3308 3309 165 2671
3309 3310 165 2671
3310 3311 165 2671
3311 3312 165 2671
3312 3313 165 2671
3313 3314 165 2670
3314 3315 165 2670
3315 3316 165 2670
3316 3317 165 2670
3317 3318 165 2669
3318 3319 165 2669
3319 3320 165 2669
3320 3321 165 2668
3321 3322 166 2668
3322 3323 166 2668
3323 3324 168 2667
3324 3325 2667
3325 3326 2667
3326 3327 2666
3327 3328 2666
3328 3329 1403 2666
3329 3330 1400 2665
3330 3331 1398 2665
3331 3332 1397 2665
3332 3333 1396 2664
3333 3334 1394 2664
3334 3335 1393 2664
3335 3336 1392 2664
3336 3337 1392 2664
3337 3338 1391 2665
3338 3339 1391 2667
3339 3340 1392
3340 3341 1393
3341 3342 1395
3342 3343 1397
3343 3344 1401
3344 3345 1409
3345 3346 1415
3346 3347 1420
3347 3348 1426
3348 3349 1432
3349 3350 1439
3350 3351 1442
3351 3352 1445
3352 3353 1448
3353 3354 1450
3354 3355 1453
3355 3356 1455
3356 3357 1456
3357 3358 1458
3358 3359 1459
3359 3360 1461
3360 3361 1462
3361 3362 1463
3362 3363 1464
3363 3364 1465
3364 3365 1466
3365 3366 1467
3366 3367 1469
3367 3368 1470
3368 3369 1471
3369 3370 1473
3370 3371 1474
3371 3372 1476
3372 3373 1477
3373 3374 1478
3374 3375 1480
3375 3376 1481
3376 3377 1483
3377 3378 1484
3378 3379 1485
3379 3380 1487
3380 3381 1488
3381 3382 1489
3382 3383 1490
3383 3384 1492
3384 3385 1493
3385 3386 1494
3386 3387 1496
3387 3388 1497
3388 3389 1499
3389 3390 1500
3390 3391 1502
3391 3392 1503
3392 3393 1505
3393 3394 1506
3394 3395 1508
3395 3396 1509
3396 3397 1510
3397 3398 1512
3398 3399 1513
3399 3400 1514
3400 3401 1516
3401 3402 1517
3402 3403 1518
3403 3404 1519
3404 3405 1520
3405 3406 1521
3406 3407 1522
3407 3408 1523
3408 3409 1524
3409 3410 1525
3410 3411 1527
3411 3412 1528
3412 3413 1529
3413 3414 1530
3414 3415 1531
3415 3416 1532
3416 3417 1533
3417 3418 1534
3418 3419 1534
3419 3420 1536
3420 3421 1537
3421 3422 1538
3422 3423 1539
3423 3424 1540
3424 3425 1541
3425 3426 1542
3426 3427 1543
3427 3428 1544
3428 3429 1545
3429 3430
3430 3431
3431 3432
3432 3433
3433 3434
3434 3435
3435 3436
3436 3437
3437 3438
3438 3439
3439 3440
3440 3441
3441 3442
3442 3443
3443 3444
3444 3445
3445 3446
3446 3447
3447 3448
3448 3449
3449 3450
3450 3451
3451 3452
3452 3453
3453 3454
3454 3455
3455 3456
3456 3457
3457 3458
3458 3459
3459 3460
3460 3461
3461 3462
3462 3463
3463 3464
3464 3465
3465 3466
3466 3467
3467 3468
3468 3469
3469 3470
3470 3471
3471 3472
3472 3473
3473 3474
3474 3475
3475 3476
3476 3477
3477 3478
3478 3479
3479 3480
3480 3481
3481 3482
3482 3483
3483 3484
3484 3485
3485 3486
3486 3487
3487 3488
3488 3489
3489 3490
3490 3491
3491 3492
3492 3493
3493 3494
3494 3495
3495 3496
3496 3497
3497 3498
3498 3499
3499 3500
3500 3501
3501 3502
3502 3503
3503 3504
3504 3505
3505 3506
3506 3507
3507 3508
3508 3509
3509 3510
3510 3511
3511 3512
3512 3513
3513 3514
3514 3515
3515 3516
3516 3517
3517 3518
3518 3519
3519 3520
3520 3521
3521 3522
3522 3523
3523 3524
3524 3525
3525 3526
3526 3527
3527 3528
3528 3529
3529 3530
3530 3531
3531 3532
3532 3533
3533 3534
3534 3535
3535 3536
3536 3537
3537 3538
3538 3539
3539 3540
3540 3541
3541 3542
3542 3543
3543 3544
3544 3545
3545 3546
3546 3547
3547 3548
3548 3549
3549 3550
3550 3551
3551 3552
3552 3553
3553 3554
3554 3555
3555 3556
3556 3557
3557 3558
3558 3559
3559 3560
3560 3561
3561 3562
3562 3563
3563 3564
3564 3565
3565 3566
3566 3567
3567 3568
3568 3569
3569 3570
3570 3571
3571 3572
3572 3573
3573 3574
3574 3575
3575 3576
3576 3577
3577 3578
3578 3579
3579 3580
3580 3581
3581 3582
3582
3583 3584 399
3584 3585 400
3585 3586 401
3586 3587 402
3587 3588 403
3588 3589 404
3589 3590 405
3590 3591 406
3591 3592 407
3592 3593 408
3593 3594 409
3594 3595 410
3595 3596 411
3596 3597 412
3597 3598 413
3598 3599 414
3599 3600 415
3600 3601 416
3601 3602 417
3602 3603 418
3603 3604 419
3604 3605 420
3605 3606 421
3606 3607 422
3607 3608 423
3608 3609 424
3609 3610 425
3610 3611 426
3611 3612 427
3612 3613 428
3613 3614 429
3614 3615 430
3615 3616 443
3616 3617 449
3617 3618 452
3618 3619 454
3619 3620 456
3620 3621 457
3621 3622 459
3622 3623 460
3623 3624 461
3624 3625 463
3625 3626 464
3626 3627 465
3627 3628 466
3628 3629 467
3629 3630 468
3630 3631 470
3631 3632 471
3632 3633 472
3633 3634 473
3634 3635 474
3635 3636 476
3636 3637 477
3637 3638 478
3638 3639 479
3639 3640 481
3640 3641 482
3641 3642 483
3642 3643 484
3643 3644 485
3644 3645 486
3645 3646 487
3646 3647 489
3647 3648 490
3648 3649 491
3649 3650 492
3650 3651 493
3651 3652 494
3652 3653 495
3653 3654 496
3654 3655 497
3655 3656 498
3656 3657 499
3657 3658 500
3658 3659 501
3659 3660 503
3660 3661 506
3661 3662 509
3662 3663 511
3663 3664 512
3664 3665 514
3665 3666 515
3666 3667 517
3667 3668 532
3668 3669 536
3669 3670 538
3670 3671 539
3671 3672 541
3672 3673 542
3673 3674 543
3674 3675 544
3675 3676 545
3676 3677 546
3677 3678 546
3678 3679 546
3679 3680 546
3680 3681 547
3681 3682 547
3682 3683 547
3683 3684 547
3684 3685 547
3685 3686 547
3686 3687 548
3687 3688 548
3688 3689 548
3689 3690 549
3690 3691 549
3691 3692 549
3692 3693 550
3693 3694 550
3694 3695 551
3695 3696 552
3696 3697 552
3697 3698 553
3698 3699 554
3699 3700 555
3700 3701 556
3701 3702 558
3702 3703 559
3703 3704 561
3704 3705 563
3705 3706
3706 3707
3707 3708
3708 3709
3709 3710
3710 3711
3711 3712
3712 3713
3713 3714
3714 3715
3715 3716
3716 3717
3717 3718
3718 3719
3719 3720
3720 3721
3721 3722
3722 3723
3723 3724
3724 3725
3725 3726
3726 3727
3727 3728
3728 3729
3729 3730
3730 3731
3731 3732
3732 3733
3733 3734
3734 3735
3735 3736
3736 3737
3737 3738
3738 3739
3739 3740
3740 3741
3741 3742
3742 3743
3743 3744
3744 3745
3745 3746
3746 3747
3747 3748
3748 3749
3749 3750
3750 3751
3751 3752
3752 3753
3753 3754
3754 3755
3755 3756
3756 3757
3757 3758
3758 3759
3759 3760
3760 3761
3761 3762
3762 3763
3763 3764
3764 3765
3765 3766
3766 3767
3767 3768
3768 3769
3769 3770
3770 3771
3771 3772
3772 3773
3773 3774
3774 3775
3775 3776
3776 3777
3777 3778
3778 3779
3779 3780
3780 3781
3781 3782
3782 3783
3783 3784
3784 3785
3785 3786
3786 3787
3787 3788
3788 3789
3789 3790
3790 3791
3791 3792
3792 3793
3793 3794
3794 3795
3795 3796
3796 3797
3797 3798
3798 3799
3799 3800
3800 3801
3801 3802
3802 3803
3803 3804
3804 3805
3805 3806
3806 3807
3807 3808
3808 3809
3809 3810
3810 3811
3811 3812
3812 3813
3813 3814
3814 3815
3815 3816
3816 3817
3817 3818
3818 3819
3819 3820
3820 3821
3821 3822
3822 3823
3823 3824
3824 3825
3825 3826
3826 3827
3827 3828
3828 3829
3829 3830
3830 3831
3831 3832
3832 3833
3833 3834
3834 3835
3835 3836
3836 3837
3837 3838
3838 3839
3839 3840
3840 3841
3841 3842
3842 3843
3843 3844
3844 3845
3845 3846
3846 3847
3847 3848
3848 3849
3849 3850
3850 3851
3851 3852
3852 3853
3853 3854
3854 3855
3855 3856
3856 3857
3857 3858
3858 3859
3859 3860
3860 3861
3861 3862
3862 3863
3863 3864
3864 3865
3865 3866
3866 3867
3867 3868
3868 3869
3869 3870
3870 3871
3871 3872
3872 3873
3873 3874
3874 3875
3875 3876
3876 3877
3877 3878
3878 3879
3879 3880
3880 3881
3881 3882
3882 3883
3883 3884
3884 3885
3885 3886
3886 3887
3887 3888
3888 3889
3889 3890
3890 3891
3891 3892
3892 3893
3893 3894
3894 3895
3895 3896
3896 3897
3897 3898
3898 3899
3899 3900
3900 3901
3901 3902
3902 3903
3903 3904
3904 3905
3905 3906
3906 3907
3907 3908
3908 3909
3909 3910
3910 3911
3911 3912
3912 3913
3913 3914
3914 3915
3915 3916
3916 3917
3917 3918
3918 3919
3919 3920
3920 3921
3921 3922
3922 3923
3923 3924
3924 3925
3925 3926
3926 3927
3927 3928
3928 3929
3929 3930
3930 3931
3931 3932
3932 3933
3933 3934
3934 3935
3935 3936
3936 3937
3937 3938
3938 3939
3939 3940
3940 3941
3941 3942
3942 3943
3943 3944
3944 3945
3945 3946
3946 3947
3947 3948
3948 3949
3949 3950
3950 3951
3951 3952
3952 3953
3953 3954
3954 3955
3955 3956
3956 3957
3957 3958
3958 3959
3959 3960
3960 3961
3961 3962
3962 3963
3963 3964
3964 3965
3965 3966
3966 3967
3967 3968
3968 3969
3969 3970
3970 3971
3971 3972
3972 3973
3973 3974
3974 3975
3975 3976
3976 3977
3977 3978
3978 3979
3979 3980
3980
